#BVGraph properties
#Tue May 30 10:51:51 WEST 2017
compratio=1.248
bitsforblocks=5038
residualarcs=1850475
version=0
zetak=3
residualexpstats=271,227,885,1400,2157,3963,7029,13713,23838,40071,61581,90268,126044,163468,213666,267511,292614,253280,167088,114772,6629
avgref=0
residualavggap=144042.961
avgbitsforoutdegrees=3.548
windowsize=7
bitsforintervals=334859
copiedarcs=1269
avgbitsforblocks=0.009
bitsperlink=23.409
bitsforresiduals=40724954
bitsforreferences=335797
avgdist=0.002
successoravgloggap=15.326411797959228
avgbitsforreferences=0.612
successoravggap=143958.510
maxrefcount=3
successorexpstats=269,226,885,1403,2164,3977,7066,13778,23934,40222,61788,90506,126220,163574,213730,267555,292650,253299,167086,114778,6634
nodes=548551
compressionflags=
intervalisedarcs=0
bitspernode=79.02
arcs=1851744
bitsforoutdegrees=1946027
avgbitsforintervals=0.61
minintervallength=4
graphclass=it.unimi.dsi.webgraph.BVGraph
avgbitsforresiduals=74.241
residualavgloggap=15.329105879962672
