#BVGraph properties
#Tue May 30 10:53:02 WEST 2017
compratio=1.216
bitsforblocks=98643
residualarcs=5082930
version=0
zetak=3
residualexpstats=533,941,1859,3686,7693,13085,26456,49606,87677,162806,253273,344694,363764,368216,459103,628358,752116,665013,426149,276533,191369
avgref=0.011
residualavggap=185182.149
avgbitsforoutdegrees=4.615
windowsize=7
bitsforintervals=738932
copiedarcs=22109
avgbitsforblocks=0.108
bitsperlink=22.825
bitsforresiduals=110681381
bitsforreferences=775167
avgdist=0.039
successoravgloggap=15.176589422386574
avgbitsforreferences=0.846
successoravggap=184859.076
maxrefcount=3
successorexpstats=554,991,1943,3822,8049,13342,26671,50000,88502,164242,255327,347063,366237,369836,460675,630496,754372,666902,427135,276870,192010
nodes=916428
compressionflags=
intervalisedarcs=0
bitspernode=127.15
arcs=5105039
bitsforoutdegrees=4229304
avgbitsforintervals=0.806
minintervallength=4
graphclass=it.unimi.dsi.webgraph.BVGraph
avgbitsforresiduals=120.775
residualavgloggap=15.18427127242006
