#BVGraph properties
#Tue May 30 10:51:17 WEST 2017
compratio=1.095
bitsforblocks=276727
residualarcs=5931207
version=0
zetak=3
residualexpstats=12726,22535,39329,62467,99018,139472,194775,237591,282530,314427,334040,340123,343933,381637,419078,456844,457143,465850,459400,450483,384636,33170
avgref=0.013
residualavggap=239800.526
avgbitsforoutdegrees=3.976
windowsize=7
bitsforintervals=1134714
copiedarcs=43651
avgbitsforblocks=0.239
bitsperlink=21.043
bitsforresiduals=118541497
bitsforreferences=1180753
avgdist=0.04
successoravgloggap=13.805532236856367
avgbitsforreferences=1.02
successoravggap=238605.502
maxrefcount=3
successorexpstats=14046,24184,41958,65959,104203,145237,201312,240882,283463,315275,335472,341537,345399,383053,419789,459453,457355,466159,460168,451426,385516,33402
nodes=1157827
compressionflags=
intervalisedarcs=390
bitspernode=108.597
arcs=5975248
bitsforoutdegrees=4603293
avgbitsforintervals=0.98
minintervallength=4
graphclass=it.unimi.dsi.webgraph.BVGraph
avgbitsforresiduals=102.383
residualavgloggap=13.849097340903405
